10022874
10023689
10027409
10066787
10074458
10082553
10082579
10102273
10191262
10196136
10200280
10202152
10209160
10318916
10329628
10339425
10357815
10385618
10400685
10421629
10425390
10425394
10453354
10469565
10480933
10549623
10551809
10555149
10558990
10559239
10567431
10581160
10635329
10654941
10673502
10675325
10679322
10688669
10702316
10713157
10714958
10716983
10755617
10764742
10795740
10801415
10847581
10856237
10906131
10913153
10913176
10922063
10975528
10995457
11029006
11029007
11032806
11042686
11078882
11104688
11106745
11108720
11114166
11154281
11171059
11282029
11311121
11331379
11368785
11371339
11429546
11430832
11438661
11444800
11448790
11486020
11493700
11500362
11500363
11500364
11500365
11545734
11550088
11579098
11585927
11691836
11698641
11703097
11704675
11723111
11728825
11733037
11784715
11792863
11809808
11809809
11811958
11850850
11865045
11884613
11889117
11914378
11916978
11933085
12080070
12086620
12093740
12124936
12134158
12150915
12150925
12150926
12167641
12167664
12167717
12172553
12172554
12213813
12215525
12218062
12228220
12231510
12374740
12376562
12379851
12408816
12453409
12455051
12482958
12498690
12511557
12529391
12529437
12540838
12548012
12571249
12582162
12588975
12615961
12618428
12620228
12631736
12676950
12713446
12718876
12832467
12853963
12856723
12865296
12887895
12887920
12904306
14504289
14507920
14517248
14551205
14559787
14578359
14578472
14607085
14612424
14614828
14617358
14636584
14638695
14651849
14670076
14688273
14709557
14731402
14744799
1496022
14970221
14976552
14985505
15004009
15010468
15024086
15060135
15071500
15082779
15082783
15084260
15102436
15116068
15145352
15187187
15207812
15209375
1522900
15254222
15258597
15268862
15280662
15306821
15308668
15314020
15327770
15341740
15342917
15383653
1545823
15467718
15494020
15504954
15545625
15545626
15572679
15632115
15650164
15652486
15657420
15659337
15668399
15722200
15757502
15767663
15774861
15791206
15808505
15851026
15851513
15854902
15866171
15899889
15905173
15923617
15928081
15963462
15972957
15980064
15988011
16000375
1600946
16049009
16054041
16054095
16054096
16055704
16056267
16079186
16098514
16139423
16166381
16175180
16176982
16213824
16221682
16223362
16244323
16281055
16286006
16303557
16317044
16339216
16341016
16341017
16452189
16452501
16469695
16541103
16603397
16603398
16619268
16624425
16647110
16763566
1680130
16835226
16862180
16895915
16915281
16919458
16954220
16959561
16959574
16962653
16962829
17041624
17043309
17052453
17098225
17114346
17141160
17147517
17215520
17253963
17254966
17254967
17259979
17273797
17277771
17290308
17301792
17322870
17360704
17361185
17371248
17376031
17386266
17451862
17461779
17510057
17517883
175648
17569865
17599906
17604271
17658474
17671177
17678899
17693255
17711846-
17908796
17928295
17936702
18046414
18055695
18077588
18160036
18198340
18279656
18308511
18337751
18372248
18381890
18391023
18391970
18411301
18423193
18423201
18425118
18439897
18439900
18460336
18493947
18498745
18505677
18508509
18539111
18550814
18566586
18566587
18570873
18606717
18650496
18710949
18721898
18722121
18765678
18851840
18925875
18929489
18980784
19025518
19114562
19143636
19150980
19225151
19295631
19325125
19331815
19332537
19346248
19446321
19470760
19487463
19536106
19557001
19586661
19720745
2005883
2105935
2318815
2355012
2390990
2573827
2914929
3403539
3609013
7489717
7493940
7513429
7537852
7615549
7629101
7651417
7687742
7865875
7901013
7906389
8105476
8183928
8202512
8226793
8248197
8250835
8328970
8397507
8413226
8444188
8514778
8524413
8549768
8552083
8565075
8599949
8621389
8622665
8650155
8653792
8756728
8887654
8939578
8939914
8978681
9034330
9079625
9094314
9115237
9155017
9155018
9162092
9199205
9218810
9234680
9334222
9368760
9373175
9430688
9468292
9472019
9528769
9556568
9609109
9614086
9654048
9768361
9819444
9841860
9843972
9878053
9878069
9889098
9891076
9915826